250 250 250 250 248 251 247 238 238 248 251 250 250 250 250 250
250 250 250 252 244 255 255 255 255 255 255 251 252 250 250 250
250 250 252 255 255 255 255 255 255 255 255 255 255 252 250 250
250 252 255 255 255 255 255 255 255 255 255 255 255 255 252 250
248 242 255 255 255 255 255 254 254 255 255 255 255 255 251 250
251 255 255 255 255 255 255 210 176 255 255 255 255 255 255 251
243 255 255 255 255 255 255 212 179 255 255 255 255 255 255 248
253 255 255 255 255 255 196 243 253 247 255 255 255 255 255 238
254 255 255 255 255 255 254 255 255 254 255 255 255 255 255 238
246 255 255 255 255 244 244 255 255 223 223 255 255 255 255 247
251 255 255 255 242 180 244 255 255 223 193 249 255 255 255 251
250 251 255 255 252 242 255 255 255 250 244 254 255 255 244 248
250 252 255 255 255 255 255 255 255 255 255 255 255 255 252 250
250 250 252 255 255 255 255 255 255 255 255 255 255 252 250 250
250 250 250 252 251 255 255 255 255 255 255 242 252 250 250 250
250 250 250 250 250 251 246 254 253 243 251 248 250 250 250 250
250 250 250 250 248 251 247 238 238 248 251 250 250 250 250 250
250 250 250 252 244 255 255 255 255 255 255 251 252 250 250 250
250 250 252 255 255 255 255 255 255 255 255 255 255 252 250 250
250 252 255 255 255 255 255 255 255 255 255 255 255 255 252 250
248 242 255 255 255 255 255 254 254 255 255 255 255 255 251 250
251 255 255 255 255 255 255 210 176 255 255 255 255 255 255 251
243 255 255 255 255 255 255 212 179 255 255 255 255 255 255 248
253 255 255 255 255 255 196 243 253 247 255 255 255 255 255 238
254 255 255 255 255 255 254 255 255 254 255 255 255 255 255 238
246 255 255 255 255 244 244 255 255 223 223 255 255 255 255 247
251 255 255 255 242 180 244 255 255 223 193 249 255 255 255 251
250 251 255 255 252 242 255 255 255 250 244 254 255 255 244 248
250 252 255 255 255 255 255 255 255 255 255 255 255 255 252 250
250 250 252 255 255 255 255 255 255 255 255 255 255 252 250 250
250 250 250 252 251 255 255 255 255 255 255 242 252 250 250 250
250 250 250 250 250 251 246 254 253 243 251 248 250 250 250 250
250 250 250 250 248 251 247 238 238 248 251 250 250 250 250 250
250 250 250 252 244 255 255 255 255 255 255 251 252 250 250 250
250 250 252 255 255 255 255 255 255 255 255 255 255 252 250 250
250 252 255 255 255 255 255 255 255 255 255 255 255 255 252 250
248 242 255 255 255 255 255 254 254 255 255 255 255 255 251 250
251 255 255 255 255 255 255 210 176 255 255 255 255 255 255 251
243 255 255 255 255 255 255 212 179 255 255 255 255 255 255 248
253 255 255 255 255 255 196 243 253 247 255 255 255 255 255 238
254 255 255 255 255 255 254 255 255 254 255 255 255 255 255 238
246 255 255 255 255 244 244 255 255 223 223 255 255 255 255 247
251 255 255 255 242 180 244 255 255 223 193 249 255 255 255 251
250 251 255 255 252 242 255 255 255 250 244 254 255 255 244 248
250 252 255 255 255 255 255 255 255 255 255 255 255 255 252 250
250 250 252 255 255 255 255 255 255 255 255 255 255 252 250 250
250 250 250 252 251 255 255 255 255 255 255 242 252 250 250 250
250 250 250 250 250 251 246 254 253 243 251 248 250 250 250 250

250 250 250 250 249 248 249 251 251 249 248 249 250 250 250 250
250 250 249 249 251 254 255 255 255 255 254 252 249 249 250 250
250 249 250 253 255 255 255 255 255 255 255 255 254 250 249 250
250 249 253 255 255 255 255 255 255 255 255 255 255 254 249 249
249 251 255 255 255 255 255 255 255 255 250 251 255 255 252 249
248 254 255 255 255 255 255 255 251 236 202 212 254 255 255 249
249 255 255 255 254 254 246 224 231 231 223 232 255 255 255 250
250 255 255 255 230 200 220 242 250 254 254 255 255 255 255 251
250 255 255 255 228 198 220 244 250 254 254 255 255 255 255 251
249 255 255 255 254 254 244 225 230 232 226 235 255 255 255 250
248 254 255 255 255 255 255 255 250 234 200 208 254 255 255 249
249 251 255 255 255 255 255 255 255 255 249 249 255 255 252 249
250 250 254 255 255 255 255 255 255 255 255 255 255 254 250 250
250 249 250 254 255 255 255 255 255 255 255 255 254 250 249 250
250 250 249 250 252 254 255 255 255 255 255 252 250 249 250 250
250 250 250 250 249 249 250 251 251 250 249 249 249 250 250 250
250 250 250 250 249 248 249 251 251 249 248 249 250 250 250 250
250 250 249 249 251 254 255 255 255 255 254 252 249 249 250 250
250 249 250 253 255 255 255 255 255 255 255 255 254 250 249 250
250 249 253 255 255 255 255 255 255 255 255 255 255 254 249 249
249 251 255 255 255 255 255 255 255 255 250 251 255 255 252 249
248 254 255 255 255 255 255 255 251 236 202 212 254 255 255 249
249 255 255 255 254 254 246 224 231 231 223 232 255 255 255 250
250 255 255 255 230 200 220 242 250 254 254 255 255 255 255 251
250 255 255 255 228 198 220 244 250 254 254 255 255 255 255 251
249 255 255 255 254 254 244 225 230 232 226 235 255 255 255 250
248 254 255 255 255 255 255 255 250 234 200 208 254 255 255 249
249 251 255 255 255 255 255 255 255 255 249 249 255 255 252 249
250 250 254 255 255 255 255 255 255 255 255 255 255 254 250 250
250 249 250 254 255 255 255 255 255 255 255 255 254 250 249 250
250 250 249 250 252 254 255 255 255 255 255 252 250 249 250 250
250 250 250 250 249 249 250 251 251 250 249 249 249 250 250 250
250 250 250 250 249 248 249 251 251 249 248 249 250 250 250 250
250 250 249 249 251 254 255 255 255 255 254 252 249 249 250 250
250 249 250 253 255 255 255 255 255 255 255 255 254 250 249 250
250 249 253 255 255 255 255 255 255 255 255 255 255 254 249 249
249 251 255 255 255 255 255 255 255 255 250 251 255 255 252 249
248 254 255 255 255 255 255 255 251 236 202 212 254 255 255 249
249 255 255 255 254 254 246 224 231 231 223 232 255 255 255 250
250 255 255 255 230 200 220 242 250 254 254 255 255 255 255 251
250 255 255 255 228 198 220 244 250 254 254 255 255 255 255 251
249 255 255 255 254 254 244 225 230 232 226 235 255 255 255 250
248 254 255 255 255 255 255 255 250 234 200 208 254 255 255 249
249 251 255 255 255 255 255 255 255 255 249 249 255 255 252 249
250 250 254 255 255 255 255 255 255 255 255 255 255 254 250 250
250 249 250 254 255 255 255 255 255 255 255 255 254 250 249 250
250 250 249 250 252 254 255 255 255 255 255 252 250 249 250 250
250 250 250 250 249 249 250 251 251 250 249 249 249 250 250 250

250 250 250 249 249 249 250 251 251 250 249 249 250 250 250 250
250 250 249 249 252 255 255 255 255 255 255 252 250 249 250 250
250 249 250 254 255 255 255 255 255 255 255 255 254 250 249 250
250 249 254 255 255 254 255 255 255 255 254 255 255 254 250 249
249 252 255 255 251 212 232 255 255 235 208 249 255 255 252 249
248 254 255 255 250 202 223 254 254 226 200 249 255 255 255 249
249 255 255 255 255 236 231 254 254 232 234 255 255 255 255 250
251 255 255 255 255 251 231 250 250 230 250 255 255 255 255 251
251 255 255 255 255 255 224 242 244 225 255 255 255 255 255 251
249 255 255 255 255 255 246 220 220 244 255 255 255 255 255 250
248 254 255 255 255 255 254 200 198 254 255 255 255 255 254 249
249 251 255 255 255 255 254 230 228 254 255 255 255 255 252 249
250 249 253 255 255 255 255 255 255 255 255 255 255 254 250 250
250 249 250 253 255 255 255 255 255 255 255 255 254 250 249 250
250 250 249 249 251 254 255 255 255 255 254 251 250 249 250 250
250 250 250 250 249 248 249 250 250 249 248 249 250 250 250 250
250 250 250 249 249 249 250 251 251 250 249 249 250 250 250 250
250 250 249 249 252 255 255 255 255 255 255 252 250 249 250 250
250 249 250 254 255 255 255 255 255 255 255 255 254 250 249 250
250 249 254 255 255 254 255 255 255 255 254 255 255 254 250 249
249 252 255 255 251 212 232 255 255 235 208 249 255 255 252 249
248 254 255 255 250 202 223 254 254 226 200 249 255 255 255 249
249 255 255 255 255 236 231 254 254 232 234 255 255 255 255 250
251 255 255 255 255 251 231 250 250 230 250 255 255 255 255 251
251 255 255 255 255 255 224 242 244 225 255 255 255 255 255 251
249 255 255 255 255 255 246 220 220 244 255 255 255 255 255 250
248 254 255 255 255 255 254 200 198 254 255 255 255 255 254 249
249 251 255 255 255 255 254 230 228 254 255 255 255 255 252 249
250 249 253 255 255 255 255 255 255 255 255 255 255 254 250 250
250 249 250 253 255 255 255 255 255 255 255 255 254 250 249 250
250 250 249 249 251 254 255 255 255 255 254 251 250 249 250 250
250 250 250 250 249 248 249 250 250 249 248 249 250 250 250 250
250 250 250 249 249 249 250 251 251 250 249 249 250 250 250 250
250 250 249 249 252 255 255 255 255 255 255 252 250 249 250 250
250 249 250 254 255 255 255 255 255 255 255 255 254 250 249 250
250 249 254 255 255 254 255 255 255 255 254 255 255 254 250 249
249 252 255 255 251 212 232 255 255 235 208 249 255 255 252 249
248 254 255 255 250 202 223 254 254 226 200 249 255 255 255 249
249 255 255 255 255 236 231 254 254 232 234 255 255 255 255 250
251 255 255 255 255 251 231 250 250 230 250 255 255 255 255 251
251 255 255 255 255 255 224 242 244 225 255 255 255 255 255 251
249 255 255 255 255 255 246 220 220 244 255 255 255 255 255 250
248 254 255 255 255 255 254 200 198 254 255 255 255 255 254 249
249 251 255 255 255 255 254 230 228 254 255 255 255 255 252 249
250 249 253 255 255 255 255 255 255 255 255 255 255 254 250 250
250 249 250 253 255 255 255 255 255 255 255 255 254 250 249 250
250 250 249 249 251 254 255 255 255 255 254 251 250 249 250 250
250 250 250 250 249 248 249 250 250 249 248 249 250 250 250 250

250 250 250 249 249 249 250 251 251 250 249 249 250 250 250 250
250 250 249 250 252 255 255 255 255 255 254 252 250 249 250 250
250 249 250 254 255 255 255 255 255 255 255 255 254 250 249 250
250 250 254 255 255 255 255 255 255 255 255 255 255 254 250 250
249 252 255 255 249 249 255 255 255 255 255 255 255 255 251 249
249 255 255 254 208 200 234 250 255 255 255 255 255 255 254 248
250 255 255 255 235 226 232 230 225 244 254 254 255 255 255 249
251 255 255 255 255 254 254 250 244 220 198 228 255 255 255 250
251 255 255 255 255 254 254 250 242 220 200 230 255 255 255 250
250 255 255 255 232 223 231 231 224 246 254 254 255 255 255 249
249 255 255 254 212 202 236 251 255 255 255 255 255 255 254 248
249 252 255 255 251 250 255 255 255 255 255 255 255 255 251 249
249 249 254 255 255 255 255 255 255 255 255 255 255 253 249 250
250 249 250 254 255 255 255 255 255 255 255 255 253 250 249 250
250 250 249 249 252 254 255 255 255 255 254 251 249 249 250 250
250 250 250 250 249 248 249 251 251 249 248 249 250 250 250 250
250 250 250 249 249 249 250 251 251 250 249 249 250 250 250 250
250 250 249 250 252 255 255 255 255 255 254 252 250 249 250 250
250 249 250 254 255 255 255 255 255 255 255 255 254 250 249 250
250 250 254 255 255 255 255 255 255 255 255 255 255 254 250 250
249 252 255 255 249 249 255 255 255 255 255 255 255 255 251 249
249 255 255 254 208 200 234 250 255 255 255 255 255 255 254 248
250 255 255 255 235 226 232 230 225 244 254 254 255 255 255 249
251 255 255 255 255 254 254 250 244 220 198 228 255 255 255 250
251 255 255 255 255 254 254 250 242 220 200 230 255 255 255 250
250 255 255 255 232 223 231 231 224 246 254 254 255 255 255 249
249 255 255 254 212 202 236 251 255 255 255 255 255 255 254 248
249 252 255 255 251 250 255 255 255 255 255 255 255 255 251 249
249 249 254 255 255 255 255 255 255 255 255 255 255 253 249 250
250 249 250 254 255 255 255 255 255 255 255 255 253 250 249 250
250 250 249 249 252 254 255 255 255 255 254 251 249 249 250 250
250 250 250 250 249 248 249 251 251 249 248 249 250 250 250 250
250 250 250 249 249 249 250 251 251 250 249 249 250 250 250 250
250 250 249 250 252 255 255 255 255 255 254 252 250 249 250 250
250 249 250 254 255 255 255 255 255 255 255 255 254 250 249 250
250 250 254 255 255 255 255 255 255 255 255 255 255 254 250 250
249 252 255 255 249 249 255 255 255 255 255 255 255 255 251 249
249 255 255 254 208 200 234 250 255 255 255 255 255 255 254 248
250 255 255 255 235 226 232 230 225 244 254 254 255 255 255 249
251 255 255 255 255 254 254 250 244 220 198 228 255 255 255 250
251 255 255 255 255 254 254 250 242 220 200 230 255 255 255 250
250 255 255 255 232 223 231 231 224 246 254 254 255 255 255 249
249 255 255 254 212 202 236 251 255 255 255 255 255 255 254 248
249 252 255 255 251 250 255 255 255 255 255 255 255 255 251 249
249 249 254 255 255 255 255 255 255 255 255 255 255 253 249 250
250 249 250 254 255 255 255 255 255 255 255 255 253 250 249 250
250 250 249 249 252 254 255 255 255 255 254 251 249 249 250 250
250 250 250 250 249 248 249 251 251 249 248 249 250 250 250 250
